2032 0
2582 1
3065 2
3515 3
3965 3
4465 2
4998 1
5498 0
6015 0
6548 1
7048 2
7532 3
7982 3
8482 2
8948 1
9432 0
9865 0
11248 1
11648 2
11817 3
11982 0
12315 3
12715 1
12982 2
13148 0
13298 3
13532 3
13982 2
14365 1
14531 2
14732 0
15133 3
15498 1
15765 2
15898 0
16182 3
16598 1
16915 2
17298 0
17565 3
17884 1
18281 1
18698 1
19082 2
19398 0
19732 3
19931 1
20015 2
20198 0
20365 3
20565 1
20698 2
20882 0
21032 3
21298 1
21398 3
21531 1
21582 3
21698 1
21748 3
21898 1
21915 3
22481 3
23015 2
23315 1
23765 0
24032 1
24682 2
25015 3
25299 1
25748 2
25865 0
26048 3
26498 1
26682 2
27131 0
27482 0
28198 0
28532 0
28765 0
28932 0
29315 1
29648 2
30032 2
30198 2
30348 2
30648 2
31033 3
31382 2
31532 1
31965 0
32332 1
32765 2
32865 3
33065 2
33482 1
33865 0
34232 1
34565 2
35231 3
35632 2
35898 1
36648 0
36982 1
37132 2
37281 0
37765 1
38098 2
38365 0
38732 3
39415 1
39798 2
39982 0
40198 3
40381 1
40581 2
40781 0
40948 3
41131 1
41282 2
41448 0
41615 3
41815 1
41981 2
42182 0
42398 3
42731 3
43081 3
43365 3
43848 1
44132 2
44415 0
45082 3
45448 0
45631 2
45815 1
46081 2
46415 0
46598 3
46848 1
46998 2
47348 0
47598 0
47815 0
47998 2
48298 1
48498 3
48831 0
49131 0
49381 0
49531 3
49715 1
49882 2
50065 0
50465 3
50666 3
50831 3
50966 0
51115 2
51298 1
51434 3
51617 0
51749 2
51898 1
52049 3
52215 0
52366 2
52531 1
52683 3
52866 0
53015 2
53215 1
53333 3
53482 0
53631 2
53816 1
53983 2
54133 1
54248 2
54448 1
54549 2
54716 1
54815 2
55082 0
55382 3
55733 1
56032 2
56416 0
56716 3
56881 1
57033 2
57148 0
57316 3
57566 3
57899 2
58066 1
58199 3
58416 0
58566 2
58849 2
59149 0
59381 3
59582 1
59732 2
59881 0
60065 3
60382 3
60600 0
60798 2
60983 1
61098 3
61231 0
61448 2
61716 2
62048 3
62216 0
62332 2
62498 1
62665 3
62799 0
63131 2
63483 1
63866 3
64200 0
64599 2
64782 1
65598 0
65615 3
66216 2
66234 1
66983 0
66983 3
67648 2
68000 1
68367 3
68716 0
69017 2
69831 1
70216 3
70498 2
70731 0
71081 3
71433 1
71783 2
1928 0
2496 1
2994 3
3361 2
3696 3
4028 3
4494 2
4930 1
5511 0
5996 0
6478 1
6828 2
7311 3
7963 3
8544 2
8928 1
9413 0
9861 0
11294 1
11744 2
11761 3
12011 0
