1889 0
2581 1
3013 2
3438 3
3899 3
4518 2
5052 1
5538 0
5994 0
6570 1
6995 2
7487 3
7955 3
8440 2
8750 2
8999 1
9430 0
9721 0
9885 0
11112 0
11464 0
11580 2
11615 3
11817 2
11980 1
12083 0
12101 3
12271 2
12368 3
12496 2
12544 1
12636 3
12660 0
12745 2
12830 1
12891 3
12952 0
13000 2
13115 1
13140 3
13249 0
13267 2
13370 1
13382 3
13516 2
13546 0
13625 3
13674 1
13741 2
13850 0
13868 3
13990 2
14014 1
14123 3
14184 0
14330 1
14639 2
15186 3
15550 0
15671 1
15696 2
15896 0
16109 3
16564 1
16807 2
17335 0
17474 3
17851 1
18264 1
18646 1
19102 2
19485 0
19654 3
19861 1
20024 2
20195 0
20328 3
20523 1
20668 2
20862 0
21026 3
21245 1
21354 3
21476 1
21555 3
21676 1
21730 3
21870 1
21919 3
22435 3
22933 2
23212 1
23613 0
23886 1
24627 2
24954 3
25307 1
25701 2
25926 0
26059 3
26497 1
26721 2
27067 0
27511 0
28191 0
28549 0
28743 0
28931 0
29320 1
29720 2
30036 2
30194 2
30360 2
30613 2
31020 3
31372 2
31627 1
31979 0
32289 1
32702 2
33017 3
33218 2
33600 1
33916 0
34183 1
34596 2
35258 3
35653 2
35956 1
36618 0
36958 1
37170 2
37286 0
37705 1
38063 2
38445 0
38755 3
39453 1
39811 2
40073 0
40261 3
40425 1
40576 2
40753 0
40923 3
41105 1
41281 2
41451 0
41615 3
41809 1
41985 2
42167 0
42367 3
42671 3
43029 3
43351 3
43831 1
44177 2
44444 0
44984 3
45379 0
45707 2
45931 1
46200 2
46502 0
46654 3
46836 1
47000 2
47346 0
47668 0
47935 0
48087 2
48378 1
48530 3
48845 0
49095 0
49386 0
49611 3
49793 1
49945 2
50072 0
50443 3
50679 3
50861 0
51050 2
51190 1
51523 3
51553 0
51876 2
52027 1
52142 3
52300 0
52428 2
52592 1
52725 3
52871 0
53065 2
53266 1
53272 3
53490 0
53648 2
53806 1
53988 2
54140 1
54304 2
54456 1
54632 2
54808 0
54966 2
55300 3
55694 1
56083 2
56447 0
56642 3
56811 1
56963 2
57097 0
57248 3
57534 3
57856 2
58068 1
58214 3
58396 0
58591 2
58888 2
59185 0
59362 3
59532 1
59654 2
59841 0
60023 3
60369 3
60607 0
60758 2
60904 1
61073 3
61195 0
61408 2
61747 2
62021 3
62197 0
62324 2
62482 1
62604 3
62792 0
63144 2
63533 1
63612 1
63933 3
64255 0
64583 2
64789 1
65500 3
65506 0
66259 1
66271 2
66969 0
66981 3
67679 2
67946 1
68396 3
68748 0
69027 2
69866 1
70254 3
70551 2
70782 0
71104 3
71377 1
71662 2
