2000 0
2500 1
3000 2
3500 3
4000 3
4500 2
5000 1
5500 0
6000 0
6500 1
7000 2
7500 3
8000 3
8500 2
9000 1
9500 0
9918 0
11326 1
11696 2
11879 3
12018 0
12456 3
12747 1
12929 2
13081 0
13239 3
13566 3
13973 2
14411 1
14581 2
14775 0
15170 3
15552 1
15686 2
15874 0
16226 3
16602 1
16945 2
17313 0
17464 3
17792 1
18260 1
18794 1
19122 2
19426 0
19675 3
19935 1
20069 2
20221 0
20397 3
20543 1
20694 2
20883 0
21071 3
21266 1
21375 3
21472 1
21532 3
21623 1
21690 3
21781 1
21830 3
21933 1
21975 3
22607 3
22941 2
23233 1
23639 0
23979 1
24629 2
25005 3
25309 1
25704 2
25849 0
26044 3
26450 1
26815 2
27167 0
27519 0
28162 0
28569 0
28757 0
28946 0
29291 1
29625 2
30033 2
30172 2
30324 2
30700 2
31058 3
31398 2
31563 1
32030 0
32388 1
32765 2
32959 3
33104 2
33499 1
33851 0
34203 1
34574 2
35357 3
35679 2
35934 1
36656 0
36978 1
37185 2
37300 0
37755 1
38098 2
38447 0
38733 3
39467 1
39856 2
40014 0
40233 3
40445 1
40633 2
40773 0
40937 3
41101 1
41289 2
41483 0
41671 3
41835 1
42011 2
42194 0
42376 3
42716 3
43032 3
43366 3
43797 1
44106 2
44391 0
45120 3
45460 0
45666 2
45815 1
46152 2
46474 0
46620 3
46838 1
46972 2
47312 0
47506 0
47743 0
47937 0
48113 2
48283 1
48447 3
48781 0
49030 0
49309 0
49479 0
49619 3
49765 1
49929 2
50123 0
50445 3
50627 3
50809 3
50997 0
51155 2
51288 1
51441 3
51604 0
51768 2
51944 1
52096 3
52248 0
52399 2
52564 1
52691 3
52849 0
52989 2
53140 1
53304 3
53486 0
53675 2
53802 1
53948 2
54130 1
54239 2
54421 1
54561 2
54713 1
54859 2
55053 0
55423 3
55739 1
56079 2
56461 0
56619 3
56808 1
56948 2
57123 0
57287 3
57585 3
57918 2
58040 1
58222 3
58398 0
58544 2
58934 2
59236 0
59406 3
59576 1
59728 2
59892 0
60080 3
60383 3
60657 0
60796 2
60972 1
61124 3
61282 0
61440 2
61774 2
62041 3
62229 0
62357 2
62503 1
62648 3
62824 0
63170 2
63553 1
63893 3
64239 0
64579 2
64768 1
65611 3
65617 0
66303 1
66303 2
67013 3
67026 0
67706 2
67967 1
68422 3
68738 0
69035 2
69892 1
70213 3
70572 2
70778 0
71106 3
71452 1
71816 2
